$PE
          lhs op        rhs exo           est         se          z       pvalue
1   SR_scaled  ~        PC1   0 -4.858436e-01 0.10374077 -4.6832466 2.823665e-06
2  NPP_scaled  ~  SR_scaled   0  2.375108e-02 0.08993842  0.2640816 7.917171e-01
3  NPP_scaled  ~        PC1   0  7.528373e-01 0.09466112  7.9529734 1.776357e-15
4  NPP_scaled  ~        PC2   0  1.307163e-01 0.11710871  1.1161959 2.643383e-01
5   SR_scaled ~~  SR_scaled   0  1.925804e+00 0.30261090  6.3639610 1.966161e-10
6  NPP_scaled ~~ NPP_scaled   0  1.261792e+00 0.19827143  6.3639610 1.966161e-10
7         PC1 ~~        PC1   1  2.209165e+00 0.00000000         NA           NA
8         PC1 ~~        PC2   1 -4.603630e-16 0.00000000         NA           NA
9         PC2 ~~        PC2   1  1.135858e+00 0.00000000         NA           NA
10  SR_scaled r2  SR_scaled   0  2.130788e-01         NA         NA           NA
11 NPP_scaled r2 NPP_scaled   0  4.945297e-01         NA         NA           NA
          std.lv       std.all       std.nox
1  -4.858436e-01 -4.616046e-01 -3.105675e-01
2   2.375108e-02  2.351677e-02  2.351677e-02
3   7.528373e-01  7.082217e-01  4.764915e-01
4   1.307163e-01  8.817505e-02  8.273392e-02
5   1.925804e+00  7.869212e-01  7.869212e-01
6   1.261792e+00  5.054703e-01  5.054703e-01
7   2.209165e+00  1.000000e+00  2.209165e+00
8  -4.603630e-16 -2.906191e-16 -4.603630e-16
9   1.135858e+00  1.000000e+00  1.135858e+00
10            NA            NA            NA
11            NA            NA            NA

